2015 01 01 13 29
2015 01 08 07 53
2015 01 09 18 31
2015 01 10 13 20
2015 01 13 01 11
2015 01 14 10 43
2015 01 15 10 43
2015 01 16 06 49
2015 01 18 19 16
2015 01 20 01 28
2015 01 20 09 44
2015 01 20 15 08
2015 01 25 07 57
2015 01 25 15 53
2015 02 03 09 59
2015 02 04 19 20
2015 02 12 00 07
2015 02 13 06 16
2015 02 13 08 06
2015 02 16 12 49
2015 02 17 15 27
2015 02 18 05 21
2015 02 18 05 36
2015 02 19 06 39
2015 02 24 22 05
2015 02 25 16 45
2015 03 01 12 16
2015 03 04 20 42
2015 03 05 07 36
2015 03 11 20 32
2015 03 12 04 21
2015 03 13 10 05
2015 03 14 13 01
2015 03 14 20 26
2015 03 14 21 33
2015 03 16 01 14
2015 03 17 18 15
2015 03 18 23 21
2015 03 20 19 14
2015 03 23 23 39
2015 03 27 06 06
2015 04 02 06 05
2015 04 04 02 46
2015 04 05 16 53
2015 04 05 23 51
2015 04 06 18 41
2015 04 07 06 40
2015 04 07 17 01
2015 04 07 18 41
2015 04 08 07 56
2015 04 09 23 26
2015 04 10 01 38
2015 04 11 19 30
2015 04 15 05 41
2015 04 17 14 58
2015 04 19 02 34
2015 04 19 20 01
2015 04 20 22 52
2015 04 21 19 13
2015 04 22 12 49
2015 04 23 19 25
2015 04 24 20 37
2015 04 26 17 22
2015 04 27 02 50
2015 04 28 15 16
2015 05 03 16 08
2015 05 04 06 32
2015 05 06 12 12
2015 05 11 13 46
2015 05 11 22 07
2015 05 11 22 45
2015 05 12 15 14
2015 05 14 03 54
2015 05 14 19 44
2015 05 15 14 17
2015 05 17 11 49
2015 05 19 16 46
2015 05 20 02 02
2015 05 22 13 48
2015 05 24 10 33
2015 05 24 22 08
2015 05 28 19 49
2015 06 01 06 58
2015 06 04 22 58
2015 06 06 00 45
2015 06 06 15 38
2015 06 06 17 40
2015 06 07 16 35
2015 06 08 23 28
2015 06 09 04 09
2015 06 10 17 18
2015 06 13 12 12
2015 06 14 21 54
2015 06 15 13 31
2015 06 16 05 33
2015 06 21 02 48
2015 06 21 05 32
2015 06 24 21 07
2015 06 25 00 59
2015 06 26 03 50
2015 06 26 11 57
2015 06 28 17 17
2015 07 04 00 01
2015 07 04 06 54
2015 07 07 22 44
2015 07 08 09 47
2015 07 10 11 59
2015 07 17 20 21
2015 07 23 04 41
2015 07 24 04 16
2015 07 24 13 49
2015 07 26 04 56
2015 08 01 08 58
2015 08 01 21 37
2015 08 03 23 59
2015 08 04 16 06
2015 08 05 02 05
2015 08 05 06 13
2015 08 09 07 21
2015 08 12 13 43
2015 08 14 10 24
2015 08 15 08 05
2015 08 18 17 30
2015 08 20 23 23
2015 08 25 09 35
2015 08 25 13 58
2015 08 26 11 40
2015 08 26 16 32
2015 08 26 19 23
2015 08 28 04 02
2015 09 03 07 30
2015 09 04 02 20
2015 09 05 06 50
2015 09 05 11 22
2015 09 06 13 23
2015 09 07 12 54
2015 09 07 19 35
2015 09 09 10 05
2015 09 11 20 31
2015 09 15 05 22
2015 09 15 06 26
2015 09 15 08 52
2015 09 15 13 26
2015 09 17 05 48
2015 09 17 10 14
2015 09 23 13 08
2015 09 25 23 28
2015 09 27 18 03
2015 10 02 08 44
2015 10 02 20 28
2015 10 03 06 36
2015 10 04 00 22
2015 10 04 02 57
2015 10 06 21 55
2015 10 07 05 58
2015 10 09 13 38
2015 10 12 18 16
2015 10 13 19 18
2015 10 14 06 40
2015 10 14 11 17
2015 10 15 09 47
2015 10 17 09 44
2015 10 26 16 37
2015 10 28 07 25
2015 11 01 19 35
2015 11 05 04 04
2015 11 08 08 02
2015 11 08 11 31
2015 11 08 16 48
2015 11 08 19 42
2015 11 11 11 00
2015 11 13 06 54
2015 11 15 12 08
2015 11 19 22 42
2015 11 20 12 13
2015 11 24 05 28
2015 12 04 20 13
2015 12 06 09 27
2015 12 07 18 30
2015 12 08 08 24
2015 12 15 00 36
2015 12 16 21 11
2015 12 18 10 25
2015 12 20 00 54
2015 12 21 06 24
2015 12 21 10 38
2015 12 22 09 24
2015 12 22 09 30
2015 12 22 19 11
2015 12 23 11 53
2015 12 26 01 37
2015 12 27 12 27
2016 01 01 09 53
2016 01 03 01 34
2016 01 06 19 10
2016 01 06 23 25
2016 01 07 11 58
2016 01 12 06 21
2016 01 13 08 19
2016 01 19 11 13
2016 01 20 13 53
2016 01 22 19 53
2016 01 25 13 21
2016 01 27 04 04
2016 01 27 10 28
2016 02 02 09 58
2016 02 02 20 21
2016 02 04 05 22
2016 02 06 06 43
2016 02 08 00 06
2016 02 10 23 17
2016 02 11 02 00
2016 02 13 06 23
2016 02 14 06 02
2016 02 14 22 31
2016 02 15 00 13
2016 02 17 02 06
2016 02 17 12 16
2016 02 23 16 59
2016 02 26 09 19
2016 02 28 00 05
2016 03 02 06 25
2016 03 04 00 59
2016 03 12 07 40
2016 03 13 01 37
2016 03 13 08 54
2016 03 14 18 14
2016 03 17 15 38
2016 03 17 18 19
2016 03 19 15 42
2016 03 21 01 29
2016 03 21 08 35
2016 03 23 10 22
2016 03 24 06 37
2016 03 25 09 32
2016 03 26 03 09
2016 03 26 21 40
2016 03 27 08 58
2016 04 01 23 54
2016 04 03 00 23
2016 04 06 09 18
2016 04 06 13 47
2016 04 07 04 54
2016 04 07 15 34
2016 04 08 23 18
2016 04 11 00 20
2016 04 12 12 08
2016 04 14 11 06
2016 04 16 01 40
2016 04 23 11 47
2016 04 23 21 04
2016 04 24 18 55
2016 04 25 02 31
2016 04 25 14 39
2016 04 25 19 10
2016 05 01 00 46
2016 05 02 16 34
2016 05 09 01 17
2016 05 10 09 06
2016 05 11 10 14
2016 05 14 15 28
2016 05 16 01 08
2016 05 16 19 27
2016 05 17 11 52
2016 05 19 11 57
2016 05 22 21 15
2016 05 23 20 33
2016 05 25 09 32
2016 05 27 22 42
2016 06 02 07 27
2016 06 05 23 18
2016 06 12 17 17
2016 06 13 09 52
2016 06 13 23 40
2016 06 15 11 37
2016 06 18 01 45
2016 06 18 02 48
2016 06 18 16 10
2016 06 20 08 01
2016 06 21 20 20
2016 06 23 12 25
2016 06 24 07 50
2016 06 25 16 50
2016 06 27 08 37
2016 06 28 00 14
2016 06 28 22 44
2016 07 02 02 31
2016 07 02 12 14
2016 07 06 03 54
2016 07 09 11 37
2016 07 10 14 42
2016 07 11 12 54
2016 07 12 22 36
2016 07 16 09 34
2016 07 17 08 06
2016 07 18 11 31
2016 07 19 16 41
2016 07 21 22 48
2016 07 22 06 42
2016 07 22 19 32
2016 07 26 16 53
2016 08 01 02 19
2016 08 04 07 09
2016 08 05 06 23
2016 08 05 22 55
2016 08 09 04 19
2016 08 10 03 00
2016 08 14 17 00
2016 08 14 19 58
2016 08 17 07 44
2016 08 19 04 13
2016 08 20 05 44
2016 08 21 20 49
2016 08 22 16 08
2016 08 23 23 11
2016 08 25 22 10
2016 09 02 08 45
2016 09 02 21 05
2016 09 04 02 22
2016 09 04 03 23
2016 09 05 08 03
2016 09 06 04 33
2016 09 06 09 21
2016 09 07 06 07
2016 09 07 07 27
2016 09 07 16 38
2016 09 07 21 29
2016 09 08 11 04
2016 09 08 16 44
2016 09 08 21 00
2016 09 11 17 46
2016 09 13 14 05
2016 09 14 20 48
2016 09 15 00 19
2016 09 15 08 53
2016 09 17 20 47
2016 09 19 07 48
2016 09 21 20 20
2016 09 22 01 17
2016 09 23 16 04
2016 09 23 17 04
2016 10 02 23 12
2016 10 05 18 56
2016 10 06 07 30
2016 10 10 03 50
2016 10 11 22 48
2016 10 12 13 41
2016 10 14 03 10
2016 10 15 12 04
2016 10 16 16 06
2016 10 18 21 28
2016 10 22 03 53
2016 10 24 01 37
2016 10 24 11 49
2016 10 24 17 06
2016 11 01 18 23
2016 11 04 07 53
2016 11 04 07 59
2016 11 04 09 56
2016 11 08 21 24
2016 11 16 10 54
2016 11 17 08 11
2016 11 21 10 14
2016 11 22 04 22
2016 11 22 11 46
2016 11 23 22 46
2016 11 24 10 00
2016 12 07 05 46
2016 12 09 04 09
2016 12 11 09 37
2016 12 12 12 03
2016 12 12 19 29
2016 12 13 05 35
2016 12 15 01 58
2016 12 15 09 39
2016 12 16 01 37
2016 12 16 18 27
2016 12 18 08 16
2016 12 20 02 47
2016 12 22 01 06
2016 12 24 06 14
2016 12 25 05 40
2017 01 01 20 31
2017 01 02 02 22
2017 01 05 09 11
2017 01 06 08 48
2017 01 07 16 14
2017 01 12 20 30
2017 01 12 22 36
2017 01 16 21 51
2017 01 17 02 05
2017 01 17 22 37
2017 01 21 07 43
2017 01 21 19 09
2017 01 23 04 14
2017 01 23 19 53
2017 01 28 09 24
2017 02 01 10 56
2017 02 04 12 36
2017 02 06 20 32
2017 02 08 13 28
2017 02 08 17 26
2017 02 10 05 49
2017 02 10 17 49
2017 02 13 02 20
2017 02 14 08 22
2017 02 15 22 21
2017 02 18 23 00
2017 02 19 17 00
2017 02 21 11 13
2017 02 25 17 46
2017 02 27 10 40
2017 03 01 12 55
2017 03 01 21 52
2017 03 02 07 38
2017 03 04 21 59
2017 03 05 13 56
2017 03 07 12 50
2017 03 08 10 18
2017 03 09 01 01
2017 03 10 10 41
2017 03 10 13 46
2017 03 11 15 52
2017 03 12 00 56
2017 03 13 15 41
2017 03 14 05 52
2017 03 14 10 42
2017 03 18 10 44
2017 03 19 23 18
2017 03 20 09 33
2017 03 20 22 20
2017 03 23 08 37
2017 03 23 15 09
2017 03 26 06 41
2017 03 26 07 05
2017 03 26 11 35
2017 03 28 07 43
2017 03 28 20 05
2017 04 01 16 53
2017 04 05 09 50
2017 04 05 14 20
2017 04 13 23 06
2017 04 19 22 15
2017 04 20 00 03
2017 04 20 01 09
2017 04 21 23 46
2017 04 23 23 15
2017 04 26 05 24
2017 05 01 12 05
2017 05 03 06 15
2017 05 04 21 17
2017 05 07 04 23
2017 05 07 08 16
2017 05 08 00 43
2017 05 08 13 56
2017 05 10 20 10
2017 05 11 17 28
2017 05 14 09 43
2017 05 16 06 18
2017 05 16 13 45
2017 05 17 09 54
2017 05 19 07 57
2017 05 19 13 20
2017 05 20 17 53
2017 05 21 10 26
2017 05 23 12 58
2017 05 23 13 40
2017 06 02 08 32
2017 06 02 19 36
2017 06 03 14 33
2017 06 04 20 57
2017 06 05 00 22
2017 06 05 02 23
2017 06 06 09 56
2017 06 09 06 20
2017 06 11 03 56
2017 06 11 13 27
2017 06 16 07 31
2017 06 18 09 25
2017 06 21 17 06
2017 06 24 23 26
2017 06 26 00 14
2017 06 26 09 41
2017 06 26 11 14
2017 06 28 19 07
2017 07 01 08 49
2017 07 01 16 13
2017 07 09 22 11
2017 07 11 19 58
2017 07 12 01 32
2017 07 12 02 48
2017 07 12 09 56
2017 07 12 17 35
2017 07 14 13 19
2017 07 15 04 58
2017 07 16 04 59
2017 07 18 03 34
2017 07 18 17 33
2017 07 18 19 10
2017 07 20 04 14
2017 07 20 17 36
2017 07 20 20 19
2017 07 22 20 27
2017 07 24 04 35
2017 07 25 23 10
2017 07 27 15 10
2017 08 07 12 13
2017 08 09 03 06
2017 08 11 06 49
2017 08 11 07 41
2017 08 13 14 34
2017 08 15 07 12
2017 08 16 23 49
2017 08 17 04 25
2017 08 18 09 22
2017 08 18 16 23
2017 08 19 03 15
2017 08 21 04 46
2017 08 25 06 57
2017 08 26 02 04
2017 08 27 11 54
2017 08 27 12 21
2017 08 28 08 06
2017 09 01 00 04
2017 09 05 00 21
2017 09 07 06 26
2017 09 08 08 53
2017 09 09 23 01
2017 09 10 10 26
2017 09 12 02 45
2017 09 14 08 51
2017 09 15 12 48
2017 09 15 14 05
2017 09 17 17 50
2017 09 18 17 57
2017 09 23 18 57
2017 09 25 03 25
2017 09 25 04 00
2017 09 25 18 01
2017 09 25 22 38
2017 09 26 05 46
2017 10 01 22 28
2017 10 02 15 08
2017 10 03 04 55
2017 10 04 16 24
2017 10 05 12 29
2017 10 07 08 01
2017 10 09 17 09
2017 10 10 04 20
2017 10 10 22 35
2017 10 11 02 07
2017 10 13 06 19
2017 10 14 11 27
2017 10 14 23 49
2017 10 15 05 36
2017 10 18 19 50
2017 10 19 08 05
2017 10 21 09 04
2017 10 22 15 59
2017 10 23 03 04
2017 10 24 08 48
2017 10 24 12 27
2017 10 25 07 40
2017 10 26 16 46
2017 10 27 23 05
2017 10 28 12 40
2017 11 01 08 12
2017 11 02 17 42
2017 11 08 07 02
2017 11 09 14 54
2017 11 12 00 46
2017 11 12 01 14
2017 11 12 13 42
2017 11 14 17 49
2017 11 16 00 50
2017 11 17 05 56
2017 11 18 22 17
2017 11 24 10 35
2017 11 26 08 53
2017 11 26 14 45
2017 11 27 07 21
2017 11 27 20 25
2017 11 28 12 16
2017 12 02 11 36
2017 12 06 00 48
2017 12 07 12 56
2017 12 08 10 55
2017 12 10 03 14
2017 12 10 12 52
2017 12 13 17 22
2017 12 13 23 05
2017 12 14 08 52
2017 12 16 11 42
2017 12 17 20 08
2017 12 19 04 31
2017 12 22 04 17
2017 12 22 08 31
2017 12 23 19 09
2017 12 23 23 49
2017 12 24 07 46
2017 12 24 19 55
2017 12 24 21 28
2017 12 25 19 03
2017 12 27 02 43
2017 12 27 07 10
2017 12 28 03 59
2018 01 01 07 22
2018 01 02 12 57
2018 01 05 02 55
2018 01 05 11 00
2018 01 05 18 22
2018 01 07 02 55
2018 01 08 19 22
2018 01 21 17 37
2018 01 21 22 58
2018 01 22 09 53
2018 02 03 20 00
2018 02 05 21 23
2018 02 06 08 08
2018 02 06 17 05
2018 02 06 22 09
2018 02 07 02 33
2018 02 11 05 31
2018 02 12 09 20
2018 02 13 23 46
2018 02 15 15 14
2018 02 15 16 29
2018 02 16 17 32
2018 02 16 21 18
2018 02 17 06 48
2018 02 17 11 48
2018 02 19 15 59
2018 02 21 01 45
2018 02 21 19 41
2018 02 24 21 28
2018 02 25 02 08
2018 02 25 15 30
2018 02 25 22 30
2018 02 26 20 46
2018 02 27 02 50
2018 03 01 16 01
2018 03 04 17 55
2018 03 05 10 20
2018 03 06 17 32
2018 03 08 21 19
2018 03 11 00 59
2018 03 12 02 05
2018 03 14 04 12
2018 03 14 08 26
2018 03 14 09 12
2018 03 15 02 37
2018 03 16 10 14
2018 03 16 17 36
2018 03 17 11 35
2018 03 18 10 30
2018 03 20 06 47
2018 03 20 14 55
2018 03 21 09 29
2018 03 22 07 06
2018 03 23 09 08
2018 03 25 01 12
2018 03 26 12 49
2018 03 28 12 42
2018 04 01 09 01
2018 04 01 16 28
2018 04 05 10 58
2018 04 05 21 47
2018 04 07 00 14
2018 04 07 15 25
2018 04 07 16 54
2018 04 12 20 01
2018 04 16 07 10
2018 04 16 13 03
2018 04 21 05 13
2018 04 21 07 18
2018 04 21 19 17
2018 04 24 12 15
2018 04 24 21 23
2018 04 25 17 50
2018 04 26 19 46
2018 04 27 18 01
2018 04 27 21 44
2018 04 28 13 53
2018 05 01 07 16
2018 05 02 17 13
2018 05 06 21 09
2018 05 08 06 31
2018 05 08 07 21
2018 05 09 06 41
2018 05 11 23 44
2018 05 14 04 13
2018 05 16 17 25
2018 05 17 05 42
2018 05 18 03 54
2018 05 18 17 48
2018 05 21 22 17
2018 06 02 10 33
2018 06 04 19 33
2018 06 04 23 18
2018 06 05 14 57
2018 06 07 04 39
2018 06 08 20 34
2018 06 09 12 01
2018 06 11 07 09
2018 06 14 09 50
2018 06 15 13 20
2018 06 17 19 00
2018 06 19 04 25
2018 06 19 07 05
2018 06 20 13 33
2018 06 24 02 23
2018 06 26 08 37
2018 07 01 18 57
2018 07 03 07 31
2018 07 04 07 17
2018 07 06 06 59
2018 07 09 20 42
2018 07 12 02 19
2018 07 13 09 38
2018 07 13 21 42
2018 07 15 19 28
2018 07 20 18 26
2018 07 21 17 04
2018 07 26 13 24
2018 07 28 13 40
2018 07 28 19 45
2018 08 02 12 13
2018 08 03 23 06
2018 08 05 12 28
2018 08 10 02 09
2018 08 13 18 07
2018 08 15 08 44
2018 08 17 08 43
2018 08 18 16 07
2018 08 18 17 50
2018 08 19 14 58
2018 08 20 14 02
2018 08 20 18 23
2018 08 23 15 32
2018 08 25 10 45
2018 08 26 19 23
2018 08 28 02 54
2018 09 01 10 38
2018 09 02 00 05
2018 09 04 09 00
2018 09 09 21 43
2018 09 11 08 38
2018 09 11 18 13
2018 09 12 02 51
2018 09 15 16 49
2018 09 20 02 58
2018 09 22 21 11
2018 09 24 10 13
2018 09 27 20 44
2018 10 01 17 24
2018 10 06 15 44
2018 10 07 04 18
2018 10 10 18 00
2018 10 11 01 02
2018 10 15 07 44
2018 10 15 21 54
2018 10 16 16 49
2018 10 18 02 20
2018 10 19 22 30
2018 10 20 01 33
2018 10 20 02 03
2018 10 21 06 03
2018 10 24 20 58
2018 10 27 06 36
2018 10 28 19 33
2018 11 01 09 37
2018 11 05 16 35
2018 11 06 08 01
2018 11 06 19 09
2018 11 07 04 05
2018 11 07 06 49
2018 11 10 22 53
2018 11 11 17 12
2018 11 12 12 11
2018 11 13 00 32
2018 11 13 05 21
2018 11 13 07 37
2018 11 14 12 49
2018 11 15 03 50
2018 11 19 08 37
2018 11 19 17 51
2018 11 20 15 22
2018 11 21 11 56
2018 11 24 18 43
2018 11 25 08 10
2018 11 27 02 21
2018 12 01 17 09
2018 12 04 03 02
2018 12 05 12 40
2018 12 06 05 46
2018 12 07 13 18
2018 12 09 19 52
2018 12 10 03 12
2018 12 12 10 50
2018 12 20 09 47
2018 12 23 09 15
2018 12 23 21 52
2018 12 24 00 06
2018 12 25 22 25
2018 12 26 14 02
2018 12 27 23 06
2019 01 01 08 46
2019 01 06 00 49
2019 01 06 17 18
2019 01 08 09 14
2019 01 08 14 14
2019 01 09 18 48
2019 01 10 04 09
2019 01 11 09 58
2019 01 12 03 23
2019 01 12 09 45
2019 01 15 05 11
2019 01 15 17 18
2019 01 16 01 56
2019 01 16 13 31
2019 01 17 12 16
2019 01 20 16 34
2019 01 21 00 39
2019 01 21 03 25
2019 02 01 15 41
2019 02 01 16 59
2019 02 02 22 35
2019 02 11 16 46
2019 02 12 12 00
2019 02 13 00 23
2019 02 14 04 27
2019 02 14 08 06
2019 02 14 18 22
2019 02 15 22 34
2019 02 17 21 53
2019 02 19 16 38
2019 02 20 12 13
2019 02 21 22 47
2019 02 22 22 42
2019 02 23 16 43
2019 02 25 03 41
2019 02 25 06 01
2019 02 27 03 16
2019 02 27 18 37
2019 03 02 08 01
2019 03 12 08 02
2019 03 12 15 31
2019 03 14 22 57
2019 03 17 07 06
2019 03 19 08 08
2019 03 20 13 25
2019 03 23 07 41
2019 03 24 23 09
2019 04 01 15 23
2019 04 04 09 26
2019 04 07 20 14
2019 04 08 01 14
2019 04 11 10 32
2019 04 13 01 35
2019 04 13 10 29
2019 04 13 11 31
2019 04 14 13 29
2019 04 14 18 18
2019 04 15 14 28
2019 04 15 21 12
2019 04 15 22 14
2019 04 17 11 12
2019 04 19 03 32
2019 04 23 17 12
2019 04 24 22 27
2019 05 01 17 55
2019 05 02 04 59
2019 05 03 04 56
2019 05 03 22 23
2019 05 04 00 28
2019 05 05 22 42
2019 05 06 02 37
2019 05 07 18 50
2019 05 09 07 29
2019 05 12 04 07
2019 05 18 15 17
2019 05 20 04 09
2019 05 20 18 28
2019 06 01 09 57
2019 06 03 09 32
2019 06 03 10 51
2019 06 05 02 39
2019 06 08 16 44
2019 06 11 00 48
2019 06 11 12 15
2019 06 12 13 28
2019 06 15 17 20
2019 06 16 22 16
2019 06 18 02 19
2019 06 19 14 35
2019 06 20 22 29
2019 06 22 09 32
2019 06 24 13 55
2019 06 28 05 51
2019 07 01 13 04
2019 07 02 11 24
2019 07 08 12 35
2019 07 08 20 14
2019 07 11 01 46
2019 07 11 14 24
2019 07 12 17 26
2019 07 13 00 41
2019 07 13 18 00
2019 07 14 13 20
2019 07 15 08 42
2019 07 17 22 18
2019 07 18 09 42
2019 07 24 13 14
2019 07 25 04 01
2019 07 25 23 31
2019 07 26 16 41
2019 07 26 23 26
2019 07 27 09 00
2019 07 28 20 39
2019 08 02 11 14
2019 08 05 10 09
2019 08 10 19 40
2019 08 12 13 15
2019 08 13 10 57
2019 08 16 17 46
2019 08 17 12 32
2019 08 21 02 01
2019 08 21 17 20
2019 08 24 17 34
2019 09 03 17 32
2019 09 03 18 20
2019 09 06 18 40
2019 09 10 12 27
2019 09 11 08 56
2019 09 18 14 52
2019 09 19 04 09
2019 09 19 14 25
2019 09 22 01 50
2019 09 22 23 51
2019 09 26 02 07
2019 09 26 08 30
2019 10 01 00 09
2019 10 02 01 56
2019 10 04 07 41
2019 10 04 17 33
2019 10 05 10 21
2019 10 06 20 32
2019 10 07 08 04
2019 10 07 19 43
2019 10 08 11 25
2019 10 09 07 56
2019 10 13 03 29
2019 10 15 08 34
2019 10 19 11 44
2019 10 19 16 47
2019 10 22 23 57
2019 10 23 01 08
2019 10 24 23 18
2019 10 26 05 23
2019 10 26 12 53
2019 11 02 07 39
2019 11 03 02 03
2019 11 03 02 18
2019 11 05 04 20
2019 11 05 06 37
2019 11 06 04 37
2019 11 06 12 43
2019 11 06 14 07
2019 11 06 15 53
2019 11 09 04 57
2019 11 13 04 29
2019 11 15 10 38
2019 11 15 17 33
2019 11 17 06 03
2019 11 21 09 41
2019 11 21 11 10
2019 11 26 11 02
2019 11 26 18 17
2019 11 27 14 48
2019 12 02 00 59
2019 12 02 14 26
2019 12 06 03 29
2019 12 06 07 28
2019 12 06 11 51
2019 12 06 22 04
2019 12 08 21 10
2019 12 09 20 29
2019 12 13 00 58
2019 12 13 01 52
2019 12 15 01 31
2019 12 15 03 38
2019 12 15 17 12
2019 12 19 02 34
2019 12 20 03 18
2019 12 20 07 08
2019 12 20 17 38
2019 12 21 15 47
2019 12 22 13 43
2019 12 23 01 06
2019 12 23 12 02
